5.298317367 1.2313493223333334 0.016223802079617679 
5.991464547 2.6477240041666668 0.011625899151743946
6.396929655 3.469058902 0.010078586199218973 
6.684611728 4.018179339666666 0.0044111366135264809 
6.907755279 4.432744662666667 0.00057615242047088892 
7.090076836 4.8464739135 0.0074888050976179166
7.244227516 5.166164602666667 0.010666839673158636
7.377758908 5.405309411166667 0.0036450356757664099
7.495541944 5.6791829211666665 0.0034705717056452111 
7.60090246 5.880633850000001 0.0087123822577768375 

